
.. DO NOT EDIT.
.. THIS FILE WAS AUTOMATICALLY GENERATED BY SPHINX-GALLERY.
.. TO MAKE CHANGES, EDIT THE SOURCE PYTHON FILE:
.. "auto_examples/5_clustering/plot_2_herc_cdar.py"
.. LINE NUMBERS ARE GIVEN BELOW.

.. only:: html

    .. note::
        :class: sphx-glr-download-link-note

        :ref:`Go to the end <sphx_glr_download_auto_examples_5_clustering_plot_2_herc_cdar.py>`
        to download the full example code or to run this example in your browser via Binder

.. rst-class:: sphx-glr-example-title

.. _sphx_glr_auto_examples_5_clustering_plot_2_herc_cdar.py:


===========================================
Hierarchical Equal Risk Contribution - CDaR
===========================================

This tutorial introduces the
:class:`~skfolio.optimization.HierarchicalEqualRiskContribution` optimization.

The Hierarchical Equal Risk Contribution (HERC) is a portfolio optimization method
developed by Thomas Raffinot.

This algorithm uses a distance matrix to compute hierarchical clusters using the
Hierarchical Tree Clustering algorithm. It then computes, for each cluster, the
total cluster risk of an inverse-risk allocation.

The final step is the top-down recursive division of the dendrogram, where the
assets weights are updated using a naive risk parity within clusters.

It differs from the Hierarchical Risk Parity by exploiting the dendrogram shape
during the top-down recursive division instead of bisecting it.

.. note ::
    The default linkage method is set to the Ward variance minimization algorithm,
    which is more stable and has better properties than the single-linkage method

In this example, we will use the CDaR risk measure.

.. GENERATED FROM PYTHON SOURCE LINES 30-34

Data
====
We load the S&P 500 :ref:`dataset <datasets>` composed of the daily prices of 20
assets from the S&P 500 Index composition starting from 2020-01-02 up to 2022-12-28:

.. GENERATED FROM PYTHON SOURCE LINES 34-52

.. code-block:: Python

    from plotly.io import show
    from sklearn.model_selection import train_test_split

    from skfolio import Population, RiskMeasure
    from skfolio.cluster import HierarchicalClustering, LinkageMethod
    from skfolio.datasets import load_sp500_dataset
    from skfolio.distance import KendallDistance
    from skfolio.optimization import (
        EqualWeighted,
        HierarchicalEqualRiskContribution,
    )
    from skfolio.preprocessing import prices_to_returns

    prices = load_sp500_dataset()

    X = prices_to_returns(prices)
    X_train, X_test = train_test_split(X, test_size=0.5, shuffle=False)








.. GENERATED FROM PYTHON SOURCE LINES 53-57

Model
=====
We create a CVaR Hierarchical Equal Risk Contribution model and then fit it on the
training set:

.. GENERATED FROM PYTHON SOURCE LINES 57-63

.. code-block:: Python

    model1 = HierarchicalEqualRiskContribution(
        risk_measure=RiskMeasure.CDAR, portfolio_params=dict(name="HERC-CDaR-Ward-Pearson")
    )
    model1.fit(X_train)
    model1.weights_





.. rst-class:: sphx-glr-script-out

 .. code-block:: none


    array([0.05814153, 0.04927288, 0.09420898, 0.05726203, 0.02409012,
           0.08083036, 0.08070112, 0.02983878, 0.06656721, 0.02730592,
           0.01757816, 0.01140416, 0.0933616 , 0.04726087, 0.02170548,
           0.02428936, 0.00827991, 0.02575021, 0.14895433, 0.03319698])



.. GENERATED FROM PYTHON SOURCE LINES 64-67

Risk Contribution
=================
Let's analyze the risk contribution of the model on the training set:

.. GENERATED FROM PYTHON SOURCE LINES 67-70

.. code-block:: Python

    ptf1 = model1.predict(X_train)
    ptf1.plot_contribution(measure=RiskMeasure.CDAR)






.. raw:: html

    <div class="output_subarea output_html rendered_html output_result">
    <div>                        <script type="text/javascript">window.PlotlyConfig = {MathJaxConfig: 'local'};</script>
            <script charset="utf-8" src="https://cdn.plot.ly/plotly-2.27.0.min.js"></script>                <div id="b3c934ba-b958-43ad-9c4a-51d9560d887e" class="plotly-graph-div" style="height:100%; width:100%;"></div>            <script type="text/javascript">                                    window.PLOTLYENV=window.PLOTLYENV || {};                                    if (document.getElementById("b3c934ba-b958-43ad-9c4a-51d9560d887e")) {                    Plotly.newPlot(                        "b3c934ba-b958-43ad-9c4a-51d9560d887e",                        [{"alignmentgroup":"True","hovertemplate":"variable=contribution\u003cbr\u003eindex=%{x}\u003cbr\u003evalue=%{y}\u003cextra\u003e\u003c\u002fextra\u003e","legendgroup":"contribution","marker":{"color":"#636efa","pattern":{"shape":""}},"name":"contribution","offsetgroup":"contribution","orientation":"v","showlegend":true,"textposition":"auto","x":["AAPL","AMD","BAC","BBY","CVX","GE","HD","JNJ","JPM","KO","LLY","MRK","MSFT","PEP","PFE","PG","RRC","UNH","WMT","XOM"],"xaxis":"x","y":[0.024560570125608118,0.032728798255845126,0.01247827810526053,0.03364192079805428,0.0036176902726931617,0.02643452890117498,0.03641700179959388,0.0029654628387219707,0.0256687471818071,0.00115985371139962,0.003829275109221679,0.0008347221109792584,0.017244093857615165,0.006430473787868585,0.002592686381275111,0.0003683242644457649,-0.00021073101363814644,-0.0026104248587556717,0.02972219054510373,0.0035648015252967543],"yaxis":"y","type":"bar"}],                        {"template":{"data":{"histogram2dcontour":[{"type":"histogram2dcontour","colorbar":{"outlinewidth":0,"ticks":""},"colorscale":[[0.0,"#0d0887"],[0.1111111111111111,"#46039f"],[0.2222222222222222,"#7201a8"],[0.3333333333333333,"#9c179e"],[0.4444444444444444,"#bd3786"],[0.5555555555555556,"#d8576b"],[0.6666666666666666,"#ed7953"],[0.7777777777777778,"#fb9f3a"],[0.8888888888888888,"#fdca26"],[1.0,"#f0f921"]]}],"choropleth":[{"type":"choropleth","colorbar":{"outlinewidth":0,"ticks":""}}],"histogram2d":[{"type":"histogram2d","colorbar":{"outlinewidth":0,"ticks":""},"colorscale":[[0.0,"#0d0887"],[0.1111111111111111,"#46039f"],[0.2222222222222222,"#7201a8"],[0.3333333333333333,"#9c179e"],[0.4444444444444444,"#bd3786"],[0.5555555555555556,"#d8576b"],[0.6666666666666666,"#ed7953"],[0.7777777777777778,"#fb9f3a"],[0.8888888888888888,"#fdca26"],[1.0,"#f0f921"]]}],"heatmap":[{"type":"heatmap","colorbar":{"outlinewidth":0,"ticks":""},"colorscale":[[0.0,"#0d0887"],[0.1111111111111111,"#46039f"],[0.2222222222222222,"#7201a8"],[0.3333333333333333,"#9c179e"],[0.4444444444444444,"#bd3786"],[0.5555555555555556,"#d8576b"],[0.6666666666666666,"#ed7953"],[0.7777777777777778,"#fb9f3a"],[0.8888888888888888,"#fdca26"],[1.0,"#f0f921"]]}],"heatmapgl":[{"type":"heatmapgl","colorbar":{"outlinewidth":0,"ticks":""},"colorscale":[[0.0,"#0d0887"],[0.1111111111111111,"#46039f"],[0.2222222222222222,"#7201a8"],[0.3333333333333333,"#9c179e"],[0.4444444444444444,"#bd3786"],[0.5555555555555556,"#d8576b"],[0.6666666666666666,"#ed7953"],[0.7777777777777778,"#fb9f3a"],[0.8888888888888888,"#fdca26"],[1.0,"#f0f921"]]}],"contourcarpet":[{"type":"contourcarpet","colorbar":{"outlinewidth":0,"ticks":""}}],"contour":[{"type":"contour","colorbar":{"outlinewidth":0,"ticks":""},"colorscale":[[0.0,"#0d0887"],[0.1111111111111111,"#46039f"],[0.2222222222222222,"#7201a8"],[0.3333333333333333,"#9c179e"],[0.4444444444444444,"#bd3786"],[0.5555555555555556,"#d8576b"],[0.6666666666666666,"#ed7953"],[0.7777777777777778,"#fb9f3a"],[0.8888888888888888,"#fdca26"],[1.0,"#f0f921"]]}],"surface":[{"type":"surface","colorbar":{"outlinewidth":0,"ticks":""},"colorscale":[[0.0,"#0d0887"],[0.1111111111111111,"#46039f"],[0.2222222222222222,"#7201a8"],[0.3333333333333333,"#9c179e"],[0.4444444444444444,"#bd3786"],[0.5555555555555556,"#d8576b"],[0.6666666666666666,"#ed7953"],[0.7777777777777778,"#fb9f3a"],[0.8888888888888888,"#fdca26"],[1.0,"#f0f921"]]}],"mesh3d":[{"type":"mesh3d","colorbar":{"outlinewidth":0,"ticks":""}}],"scatter":[{"fillpattern":{"fillmode":"overlay","size":10,"solidity":0.2},"type":"scatter"}],"parcoords":[{"type":"parcoords","line":{"colorbar":{"outlinewidth":0,"ticks":""}}}],"scatterpolargl":[{"type":"scatterpolargl","marker":{"colorbar":{"outlinewidth":0,"ticks":""}}}],"bar":[{"error_x":{"color":"#2a3f5f"},"error_y":{"color":"#2a3f5f"},"marker":{"line":{"color":"#E5ECF6","width":0.5},"pattern":{"fillmode":"overlay","size":10,"solidity":0.2}},"type":"bar"}],"scattergeo":[{"type":"scattergeo","marker":{"colorbar":{"outlinewidth":0,"ticks":""}}}],"scatterpolar":[{"type":"scatterpolar","marker":{"colorbar":{"outlinewidth":0,"ticks":""}}}],"histogram":[{"marker":{"pattern":{"fillmode":"overlay","size":10,"solidity":0.2}},"type":"histogram"}],"scattergl":[{"type":"scattergl","marker":{"colorbar":{"outlinewidth":0,"ticks":""}}}],"scatter3d":[{"type":"scatter3d","line":{"colorbar":{"outlinewidth":0,"ticks":""}},"marker":{"colorbar":{"outlinewidth":0,"ticks":""}}}],"scattermapbox":[{"type":"scattermapbox","marker":{"colorbar":{"outlinewidth":0,"ticks":""}}}],"scatterternary":[{"type":"scatterternary","marker":{"colorbar":{"outlinewidth":0,"ticks":""}}}],"scattercarpet":[{"type":"scattercarpet","marker":{"colorbar":{"outlinewidth":0,"ticks":""}}}],"carpet":[{"aaxis":{"endlinecolor":"#2a3f5f","gridcolor":"white","linecolor":"white","minorgridcolor":"white","startlinecolor":"#2a3f5f"},"baxis":{"endlinecolor":"#2a3f5f","gridcolor":"white","linecolor":"white","minorgridcolor":"white","startlinecolor":"#2a3f5f"},"type":"carpet"}],"table":[{"cells":{"fill":{"color":"#EBF0F8"},"line":{"color":"white"}},"header":{"fill":{"color":"#C8D4E3"},"line":{"color":"white"}},"type":"table"}],"barpolar":[{"marker":{"line":{"color":"#E5ECF6","width":0.5},"pattern":{"fillmode":"overlay","size":10,"solidity":0.2}},"type":"barpolar"}],"pie":[{"automargin":true,"type":"pie"}]},"layout":{"autotypenumbers":"strict","colorway":["#636efa","#EF553B","#00cc96","#ab63fa","#FFA15A","#19d3f3","#FF6692","#B6E880","#FF97FF","#FECB52"],"font":{"color":"#2a3f5f"},"hovermode":"closest","hoverlabel":{"align":"left"},"paper_bgcolor":"white","plot_bgcolor":"#E5ECF6","polar":{"bgcolor":"#E5ECF6","angularaxis":{"gridcolor":"white","linecolor":"white","ticks":""},"radialaxis":{"gridcolor":"white","linecolor":"white","ticks":""}},"ternary":{"bgcolor":"#E5ECF6","aaxis":{"gridcolor":"white","linecolor":"white","ticks":""},"baxis":{"gridcolor":"white","linecolor":"white","ticks":""},"caxis":{"gridcolor":"white","linecolor":"white","ticks":""}},"coloraxis":{"colorbar":{"outlinewidth":0,"ticks":""}},"colorscale":{"sequential":[[0.0,"#0d0887"],[0.1111111111111111,"#46039f"],[0.2222222222222222,"#7201a8"],[0.3333333333333333,"#9c179e"],[0.4444444444444444,"#bd3786"],[0.5555555555555556,"#d8576b"],[0.6666666666666666,"#ed7953"],[0.7777777777777778,"#fb9f3a"],[0.8888888888888888,"#fdca26"],[1.0,"#f0f921"]],"sequentialminus":[[0.0,"#0d0887"],[0.1111111111111111,"#46039f"],[0.2222222222222222,"#7201a8"],[0.3333333333333333,"#9c179e"],[0.4444444444444444,"#bd3786"],[0.5555555555555556,"#d8576b"],[0.6666666666666666,"#ed7953"],[0.7777777777777778,"#fb9f3a"],[0.8888888888888888,"#fdca26"],[1.0,"#f0f921"]],"diverging":[[0,"#8e0152"],[0.1,"#c51b7d"],[0.2,"#de77ae"],[0.3,"#f1b6da"],[0.4,"#fde0ef"],[0.5,"#f7f7f7"],[0.6,"#e6f5d0"],[0.7,"#b8e186"],[0.8,"#7fbc41"],[0.9,"#4d9221"],[1,"#276419"]]},"xaxis":{"gridcolor":"white","linecolor":"white","ticks":"","title":{"standoff":15},"zerolinecolor":"white","automargin":true,"zerolinewidth":2},"yaxis":{"gridcolor":"white","linecolor":"white","ticks":"","title":{"standoff":15},"zerolinecolor":"white","automargin":true,"zerolinewidth":2},"scene":{"xaxis":{"backgroundcolor":"#E5ECF6","gridcolor":"white","linecolor":"white","showbackground":true,"ticks":"","zerolinecolor":"white","gridwidth":2},"yaxis":{"backgroundcolor":"#E5ECF6","gridcolor":"white","linecolor":"white","showbackground":true,"ticks":"","zerolinecolor":"white","gridwidth":2},"zaxis":{"backgroundcolor":"#E5ECF6","gridcolor":"white","linecolor":"white","showbackground":true,"ticks":"","zerolinecolor":"white","gridwidth":2}},"shapedefaults":{"line":{"color":"#2a3f5f"}},"annotationdefaults":{"arrowcolor":"#2a3f5f","arrowhead":0,"arrowwidth":1},"geo":{"bgcolor":"white","landcolor":"#E5ECF6","subunitcolor":"white","showland":true,"showlakes":true,"lakecolor":"white"},"title":{"x":0.05},"mapbox":{"style":"light"}}},"xaxis":{"anchor":"y","domain":[0.0,1.0],"title":{"text":"Asset"}},"yaxis":{"anchor":"x","domain":[0.0,1.0],"title":{"text":"CDaR contribution"}},"legend":{"title":{"text":"variable"},"tracegroupgap":0},"margin":{"t":60},"barmode":"relative","title":{"text":"CDaR contribution"}},                        {"responsive": true}                    )                };                            </script>        </div>
    </div>
    <br />
    <br />

.. GENERATED FROM PYTHON SOURCE LINES 71-76

Dendrogram
==========
To analyze the clusters structure, we plot the dendrogram.
The blue lines represent distinct clusters composed of a single asset.
The remaining colors represent clusters of more than one asset:

.. GENERATED FROM PYTHON SOURCE LINES 76-79

.. code-block:: Python

    fig = model1.hierarchical_clustering_estimator_.plot_dendrogram(heatmap=False)
    show(fig)




.. raw:: html
    :file: images/sphx_glr_plot_2_herc_cdar_001.html





.. GENERATED FROM PYTHON SOURCE LINES 80-86

|

The horizontal axis represents the assets. The links between clusters are represented
as upside-down U-shaped lines. The height of the U indicates the distance between the
clusters. For example, the link representing the cluster containing Assets HD and WMT
has a distance of 0.5 (called cophenetic distance).

.. GENERATED FROM PYTHON SOURCE LINES 89-91

When `heatmap` is set to True, the heatmap of the reordered distance matrix is
displayed below the dendrogram and clusters are outlined with yellow squares:

.. GENERATED FROM PYTHON SOURCE LINES 91-93

.. code-block:: Python

    model1.hierarchical_clustering_estimator_.plot_dendrogram()






.. raw:: html

    <div class="output_subarea output_html rendered_html output_result">
    <div>                        <script type="text/javascript">window.PlotlyConfig = {MathJaxConfig: 'local'};</script>
            <script charset="utf-8" src="https://cdn.plot.ly/plotly-2.27.0.min.js"></script>                <div id="13dad748-0557-4989-8ef9-913500369aa0" class="plotly-graph-div" style="height:800px; width:800px;"></div>            <script type="text/javascript">                                    window.PLOTLYENV=window.PLOTLYENV || {};                                    if (document.getElementById("13dad748-0557-4989-8ef9-913500369aa0")) {                    Plotly.newPlot(                        "13dad748-0557-4989-8ef9-913500369aa0",                        [{"hoverinfo":"text","marker":{"color":"rgb(61,153,112)"},"mode":"lines","x":[15.0,15.0,25.0,25.0],"xaxis":"x","y":[0.0,0.5765619442068869,0.5765619442068869,0.0],"yaxis":"y2","type":"scatter"},{"hoverinfo":"text","marker":{"color":"rgb(61,153,112)"},"mode":"lines","x":[5.0,5.0,20.0,20.0],"xaxis":"x","y":[0.0,0.5895302386659466,0.5895302386659466,0.5765619442068869],"yaxis":"y2","type":"scatter"},{"hoverinfo":"text","marker":{"color":"rgb(61,153,112)"},"mode":"lines","x":[12.5,12.5,35.0,35.0],"xaxis":"x","y":[0.5895302386659466,0.6575389340160898,0.6575389340160898,0.0],"yaxis":"y2","type":"scatter"},{"hoverinfo":"text","marker":{"color":"rgb(255,65,54)"},"mode":"lines","x":[45.0,45.0,55.0,55.0],"xaxis":"x","y":[0.0,0.48042351150102935,0.48042351150102935,0.0],"yaxis":"y2","type":"scatter"},{"hoverinfo":"text","marker":{"color":"rgb(255,65,54)"},"mode":"lines","x":[50.0,50.0,65.0,65.0],"xaxis":"x","y":[0.48042351150102935,0.542679037781641,0.542679037781641,0.0],"yaxis":"y2","type":"scatter"},{"hoverinfo":"text","marker":{"color":"rgb(255,65,54)"},"mode":"lines","x":[75.0,75.0,85.0,85.0],"xaxis":"x","y":[0.0,0.43697957203327886,0.43697957203327886,0.0],"yaxis":"y2","type":"scatter"},{"hoverinfo":"text","marker":{"color":"rgb(255,65,54)"},"mode":"lines","x":[57.5,57.5,80.0,80.0],"xaxis":"x","y":[0.542679037781641,0.6366367956962236,0.6366367956962236,0.43697957203327886],"yaxis":"y2","type":"scatter"},{"hoverinfo":"text","marker":{"color":"rgb(0,116,217)"},"mode":"lines","x":[23.75,23.75,68.75,68.75],"xaxis":"x","y":[0.6575389340160898,0.7254899062566978,0.7254899062566978,0.6366367956962236],"yaxis":"y2","type":"scatter"},{"hoverinfo":"text","marker":{"color":"rgb(35,205,205)"},"mode":"lines","x":[115.0,115.0,125.0,125.0],"xaxis":"x","y":[0.0,0.5126988050928489,0.5126988050928489,0.0],"yaxis":"y2","type":"scatter"},{"hoverinfo":"text","marker":{"color":"rgb(35,205,205)"},"mode":"lines","x":[105.0,105.0,120.0,120.0],"xaxis":"x","y":[0.0,0.5695439668434567,0.5695439668434567,0.5126988050928489],"yaxis":"y2","type":"scatter"},{"hoverinfo":"text","marker":{"color":"rgb(35,205,205)"},"mode":"lines","x":[95.0,95.0,112.5,112.5],"xaxis":"x","y":[0.0,0.6760818293434536,0.6760818293434536,0.5695439668434567],"yaxis":"y2","type":"scatter"},{"hoverinfo":"text","marker":{"color":"rgb(133,20,75)"},"mode":"lines","x":[145.0,145.0,155.0,155.0],"xaxis":"x","y":[0.0,0.4740825763045977,0.4740825763045977,0.0],"yaxis":"y2","type":"scatter"},{"hoverinfo":"text","marker":{"color":"rgb(133,20,75)"},"mode":"lines","x":[135.0,135.0,150.0,150.0],"xaxis":"x","y":[0.0,0.5045089643965284,0.5045089643965284,0.4740825763045977],"yaxis":"y2","type":"scatter"},{"hoverinfo":"text","marker":{"color":"rgb(133,20,75)"},"mode":"lines","x":[142.5,142.5,165.0,165.0],"xaxis":"x","y":[0.5045089643965284,0.5172966971329791,0.5172966971329791,0.0],"yaxis":"y2","type":"scatter"},{"hoverinfo":"text","marker":{"color":"rgb(0,116,217)"},"mode":"lines","x":[103.75,103.75,153.75,153.75],"xaxis":"x","y":[0.6760818293434536,0.7190671617366542,0.7190671617366542,0.5172966971329791],"yaxis":"y2","type":"scatter"},{"hoverinfo":"text","marker":{"color":"rgb(255,220,0)"},"mode":"lines","x":[175.0,175.0,185.0,185.0],"xaxis":"x","y":[0.0,0.39573655820236636,0.39573655820236636,0.0],"yaxis":"y2","type":"scatter"},{"hoverinfo":"text","marker":{"color":"rgb(0,116,217)"},"mode":"lines","x":[180.0,180.0,195.0,195.0],"xaxis":"x","y":[0.39573655820236636,0.7092924330142827,0.7092924330142827,0.0],"yaxis":"y2","type":"scatter"},{"hoverinfo":"text","marker":{"color":"rgb(0,116,217)"},"mode":"lines","x":[128.75,128.75,187.5,187.5],"xaxis":"x","y":[0.7190671617366542,0.8565593302822753,0.8565593302822753,0.7092924330142827],"yaxis":"y2","type":"scatter"},{"hoverinfo":"text","marker":{"color":"rgb(0,116,217)"},"mode":"lines","x":[46.25,46.25,158.125,158.125],"xaxis":"x","y":[0.7254899062566978,0.9055959752528235,0.9055959752528235,0.8565593302822753],"yaxis":"y2","type":"scatter"},{"hoverinfo":"text","marker":{"color":"rgb(61,153,112)"},"mode":"lines","x":[-0.0,-0.5765619442068869,-0.5765619442068869,-0.0],"xaxis":"x2","y":[15.0,15.0,25.0,25.0],"yaxis":"y","type":"scatter"},{"hoverinfo":"text","marker":{"color":"rgb(61,153,112)"},"mode":"lines","x":[-0.0,-0.5895302386659466,-0.5895302386659466,-0.5765619442068869],"xaxis":"x2","y":[5.0,5.0,20.0,20.0],"yaxis":"y","type":"scatter"},{"hoverinfo":"text","marker":{"color":"rgb(61,153,112)"},"mode":"lines","x":[-0.5895302386659466,-0.6575389340160898,-0.6575389340160898,-0.0],"xaxis":"x2","y":[12.5,12.5,35.0,35.0],"yaxis":"y","type":"scatter"},{"hoverinfo":"text","marker":{"color":"rgb(255,65,54)"},"mode":"lines","x":[-0.0,-0.48042351150102935,-0.48042351150102935,-0.0],"xaxis":"x2","y":[45.0,45.0,55.0,55.0],"yaxis":"y","type":"scatter"},{"hoverinfo":"text","marker":{"color":"rgb(255,65,54)"},"mode":"lines","x":[-0.48042351150102935,-0.542679037781641,-0.542679037781641,-0.0],"xaxis":"x2","y":[50.0,50.0,65.0,65.0],"yaxis":"y","type":"scatter"},{"hoverinfo":"text","marker":{"color":"rgb(255,65,54)"},"mode":"lines","x":[-0.0,-0.43697957203327886,-0.43697957203327886,-0.0],"xaxis":"x2","y":[75.0,75.0,85.0,85.0],"yaxis":"y","type":"scatter"},{"hoverinfo":"text","marker":{"color":"rgb(255,65,54)"},"mode":"lines","x":[-0.542679037781641,-0.6366367956962236,-0.6366367956962236,-0.43697957203327886],"xaxis":"x2","y":[57.5,57.5,80.0,80.0],"yaxis":"y","type":"scatter"},{"hoverinfo":"text","marker":{"color":"rgb(0,116,217)"},"mode":"lines","x":[-0.6575389340160898,-0.7254899062566978,-0.7254899062566978,-0.6366367956962236],"xaxis":"x2","y":[23.75,23.75,68.75,68.75],"yaxis":"y","type":"scatter"},{"hoverinfo":"text","marker":{"color":"rgb(35,205,205)"},"mode":"lines","x":[-0.0,-0.5126988050928489,-0.5126988050928489,-0.0],"xaxis":"x2","y":[115.0,115.0,125.0,125.0],"yaxis":"y","type":"scatter"},{"hoverinfo":"text","marker":{"color":"rgb(35,205,205)"},"mode":"lines","x":[-0.0,-0.5695439668434567,-0.5695439668434567,-0.5126988050928489],"xaxis":"x2","y":[105.0,105.0,120.0,120.0],"yaxis":"y","type":"scatter"},{"hoverinfo":"text","marker":{"color":"rgb(35,205,205)"},"mode":"lines","x":[-0.0,-0.6760818293434536,-0.6760818293434536,-0.5695439668434567],"xaxis":"x2","y":[95.0,95.0,112.5,112.5],"yaxis":"y","type":"scatter"},{"hoverinfo":"text","marker":{"color":"rgb(133,20,75)"},"mode":"lines","x":[-0.0,-0.4740825763045977,-0.4740825763045977,-0.0],"xaxis":"x2","y":[145.0,145.0,155.0,155.0],"yaxis":"y","type":"scatter"},{"hoverinfo":"text","marker":{"color":"rgb(133,20,75)"},"mode":"lines","x":[-0.0,-0.5045089643965284,-0.5045089643965284,-0.4740825763045977],"xaxis":"x2","y":[135.0,135.0,150.0,150.0],"yaxis":"y","type":"scatter"},{"hoverinfo":"text","marker":{"color":"rgb(133,20,75)"},"mode":"lines","x":[-0.5045089643965284,-0.5172966971329791,-0.5172966971329791,-0.0],"xaxis":"x2","y":[142.5,142.5,165.0,165.0],"yaxis":"y","type":"scatter"},{"hoverinfo":"text","marker":{"color":"rgb(0,116,217)"},"mode":"lines","x":[-0.6760818293434536,-0.7190671617366542,-0.7190671617366542,-0.5172966971329791],"xaxis":"x2","y":[103.75,103.75,153.75,153.75],"yaxis":"y","type":"scatter"},{"hoverinfo":"text","marker":{"color":"rgb(255,220,0)"},"mode":"lines","x":[-0.0,-0.39573655820236636,-0.39573655820236636,-0.0],"xaxis":"x2","y":[175.0,175.0,185.0,185.0],"yaxis":"y","type":"scatter"},{"hoverinfo":"text","marker":{"color":"rgb(0,116,217)"},"mode":"lines","x":[-0.39573655820236636,-0.7092924330142827,-0.7092924330142827,-0.0],"xaxis":"x2","y":[180.0,180.0,195.0,195.0],"yaxis":"y","type":"scatter"},{"hoverinfo":"text","marker":{"color":"rgb(0,116,217)"},"mode":"lines","x":[-0.7190671617366542,-0.8565593302822753,-0.8565593302822753,-0.7092924330142827],"xaxis":"x2","y":[128.75,128.75,187.5,187.5],"yaxis":"y","type":"scatter"},{"hoverinfo":"text","marker":{"color":"rgb(0,116,217)"},"mode":"lines","x":[-0.7254899062566978,-0.9055959752528235,-0.9055959752528235,-0.8565593302822753],"xaxis":"x2","y":[46.25,46.25,158.125,158.125],"yaxis":"y","type":"scatter"},{"colorscale":[[0.0,"rgb(247,251,255)"],[0.125,"rgb(222,235,247)"],[0.25,"rgb(198,219,239)"],[0.375,"rgb(158,202,225)"],[0.5,"rgb(107,174,214)"],[0.625,"rgb(66,146,198)"],[0.75,"rgb(33,113,181)"],[0.875,"rgb(8,81,156)"],[1.0,"rgb(8,48,107)"]],"name":"","x":[5.0,15.0,25.0,35.0,45.0,55.0,65.0,75.0,85.0,95.0,105.0,115.0,125.0,135.0,145.0,155.0,165.0,175.0,185.0,195.0],"y":[5.0,15.0,25.0,35.0,45.0,55.0,65.0,75.0,85.0,95.0,105.0,115.0,125.0,135.0,145.0,155.0,165.0,175.0,185.0,195.0],"z":[[0.0,0.5821627368806913,0.5904381754203293,0.6434816043283472,0.6164661283444248,0.6497251037191658,0.6136926026674874,0.6083957630424963,0.6270386787465524,0.6705406812896696,0.6828918708368897,0.669696283651386,0.6663992161156241,0.6660484660784005,0.6646666350307929,0.6662637588819793,0.667121441823159,0.6622462076575838,0.6662816569502544,0.6881747283727686],[0.5821627368806913,0.0,0.5765619442068869,0.618090050072845,0.5678595300233875,0.581933823818991,0.5470147691687002,0.5670779688266352,0.5983638158345562,0.6416760840712528,0.642554208442828,0.6233431887677012,0.6355354805317629,0.6168024466426458,0.617609204344291,0.6078953267751749,0.6209537183155469,0.6302187420790858,0.6430793448753293,0.6835621008685272],[0.5904381754203293,0.5765619442068869,0.0,0.6392149898825685,0.6194981032328687,0.6301797978011844,0.6055972663128321,0.6232112772136847,0.6324333018302088,0.6652346124770732,0.6689142962420145,0.6614080096834372,0.6737892950024499,0.6656626193127775,0.6588807738431091,0.6652235278384039,0.6686628454042632,0.6653900206239631,0.6774286391584226,0.6898783975736954],[0.6434816043283472,0.618090050072845,0.6392149898825685,0.0,0.5818531089778336,0.6076485387343515,0.6084583557602037,0.6230335977570112,0.6388979383181779,0.6744763486250985,0.6711737221242693,0.669771345626332,0.6684395756772094,0.6653994860277656,0.662649055898147,0.6610311501626877,0.6614979136848141,0.6818535629692322,0.6827546341229079,0.6887577911301916],[0.6164661283444248,0.5678595300233875,0.6194981032328687,0.5818531089778336,0.0,0.48042351150102935,0.5289572103921523,0.5556902076239539,0.5601617268888875,0.6262748944104333,0.6140151340097452,0.5918308836952492,0.6021381248819831,0.6081301144445281,0.6064587205992308,0.6085056389096511,0.6153318339178622,0.6218939973182845,0.6406688284932931,0.6854057635124537],[0.6497251037191658,0.581933823818991,0.6301797978011844,0.6076485387343515,0.48042351150102935,0.0,0.5266483189444867,0.5742374218809422,0.578412753178335,0.6396769028969658,0.5876114870661924,0.5797111991505706,0.5925645192079186,0.5917331056681113,0.5968397434665412,0.5942958758115294,0.6039389582475395,0.6171085658428208,0.6368116941456684,0.6938607237233149],[0.6136926026674874,0.5470147691687002,0.6055972663128321,0.6084583557602037,0.5289572103921523,0.5266483189444867,0.0,0.5078410684667539,0.5293531755156436,0.6240852837697022,0.5746120053147736,0.5628191534107707,0.5830956903354554,0.5673111334118849,0.5787269343809364,0.5644692304562713,0.5849523665279663,0.5875372605306728,0.6095461339245599,0.6737928864160977],[0.6083957630424963,0.5670779688266352,0.6232112772136847,0.6230335977570112,0.5556902076239539,0.5742374218809422,0.5078410684667539,0.0,0.43697957203327886,0.6305778004917726,0.6251464587258232,0.610969042934094,0.6258019348328145,0.6174362722474406,0.6037017893974015,0.609859763109857,0.6189461763722566,0.6227273748081622,0.6280265411009903,0.673479509556757],[0.6270386787465524,0.5983638158345562,0.6324333018302088,0.6388979383181779,0.5601617268888875,0.578412753178335,0.5293531755156436,0.43697957203327886,0.0,0.6288853454006806,0.6141832966611251,0.6010819745311371,0.6075910396257217,0.6136059708694143,0.6148130154524855,0.6158212499496507,0.6233780024610899,0.6259746500043075,0.6312189515872156,0.6785442458208615],[0.6705406812896696,0.6416760840712528,0.6652346124770732,0.6744763486250985,0.6262748944104333,0.6396769028969658,0.6240852837697022,0.6305778004917726,0.6288853454006806,0.0,0.6311529290645672,0.6350575952013131,0.6372921687129317,0.6198740305781463,0.6297937375199518,0.6289852794979294,0.6340292076507148,0.6579076570420239,0.6577881265518403,0.6862260195036191],[0.6828918708368897,0.642554208442828,0.6689142962420145,0.6711737221242693,0.6140151340097452,0.5876114870661924,0.5746120053147736,0.6251464587258232,0.6141832966611251,0.6311529290645672,0.0,0.5389570567311655,0.5722987145042067,0.5575497871197981,0.5805274695898139,0.5781159015307078,0.5992737586421074,0.6267510323946717,0.6437921938140344,0.7011931841925909],[0.669696283651386,0.6233431887677012,0.6614080096834372,0.669771345626332,0.5918308836952492,0.5797111991505706,0.5628191534107707,0.610969042934094,0.6010819745311371,0.6350575952013131,0.5389570567311655,0.0,0.5126988050928489,0.561467342831847,0.5819216162794271,0.5825107438012448,0.5881533733168528,0.5927199351919299,0.6249506330574706,0.6884854431921402],[0.6663992161156241,0.6355354805317629,0.6737892950024499,0.6684395756772094,0.6021381248819831,0.5925645192079186,0.5830956903354554,0.6258019348328145,0.6075910396257217,0.6372921687129317,0.5722987145042067,0.5126988050928489,0.0,0.576592516713843,0.5902075529642634,0.5931711743439594,0.5992874616484861,0.6176454514668086,0.6308525924886874,0.6843307123785105],[0.6660484660784005,0.6168024466426458,0.6656626193127775,0.6653994860277656,0.6081301144445281,0.5917331056681113,0.5673111334118849,0.6174362722474406,0.6136059708694143,0.6198740305781463,0.5575497871197981,0.561467342831847,0.576592516713843,0.0,0.4960089987878136,0.49814271091124024,0.523994588914887,0.6012605782440549,0.630066513787386,0.6911510013742521],[0.6646666350307929,0.617609204344291,0.6588807738431091,0.662649055898147,0.6064587205992308,0.5968397434665412,0.5787269343809364,0.6037017893974015,0.6148130154524855,0.6297937375199518,0.5805274695898139,0.5819216162794271,0.5902075529642634,0.4960089987878136,0.0,0.4740825763045977,0.4993286763673698,0.6153294451187994,0.6343898597477465,0.6880077170608986],[0.6662637588819793,0.6078953267751749,0.6652235278384039,0.6610311501626877,0.6085056389096511,0.5942958758115294,0.5644692304562713,0.609859763109857,0.6158212499496507,0.6289852794979294,0.5781159015307078,0.5825107438012448,0.5931711743439594,0.49814271091124024,0.4740825763045977,0.0,0.5009332107482378,0.6093025547677552,0.6272312331227083,0.6803610700380951],[0.667121441823159,0.6209537183155469,0.6686628454042632,0.6614979136848141,0.6153318339178622,0.6039389582475395,0.5849523665279663,0.6189461763722566,0.6233780024610899,0.6340292076507148,0.5992737586421074,0.5881533733168528,0.5992874616484861,0.523994588914887,0.4993286763673698,0.5009332107482378,0.0,0.635640466767623,0.6551279060552748,0.6971785673560413],[0.6622462076575838,0.6302187420790858,0.6653900206239631,0.6818535629692322,0.6218939973182845,0.6171085658428208,0.5875372605306728,0.6227273748081622,0.6259746500043075,0.6579076570420239,0.6267510323946717,0.5927199351919299,0.6176454514668086,0.6012605782440549,0.6153294451187994,0.6093025547677552,0.635640466767623,0.0,0.39573655820236636,0.6495552809046039],[0.6662816569502544,0.6430793448753293,0.6774286391584226,0.6827546341229079,0.6406688284932931,0.6368116941456684,0.6095461339245599,0.6280265411009903,0.6312189515872156,0.6577881265518403,0.6437921938140344,0.6249506330574706,0.6308525924886874,0.630066513787386,0.6343898597477465,0.6272312331227083,0.6551279060552748,0.39573655820236636,0.0,0.6411125346574107],[0.6881747283727686,0.6835621008685272,0.6898783975736954,0.6887577911301916,0.6854057635124537,0.6938607237233149,0.6737928864160977,0.673479509556757,0.6785442458208615,0.6862260195036191,0.7011931841925909,0.6884854431921402,0.6843307123785105,0.6911510013742521,0.6880077170608986,0.6803610700380951,0.6971785673560413,0.6495552809046039,0.6411125346574107,0.0]],"type":"heatmap"}],                        {"autosize":false,"height":800,"hovermode":"closest","showlegend":false,"width":800,"xaxis":{"mirror":false,"rangemode":"tozero","showgrid":false,"showline":false,"showticklabels":true,"tickmode":"array","ticks":"","ticktext":["AMD","MSFT","AAPL","BBY","HD","WMT","GE","JPM","BAC","UNH","PG","KO","PEP","JNJ","MRK","PFE","LLY","XOM","CVX","RRC"],"tickvals":[5.0,15.0,25.0,35.0,45.0,55.0,65.0,75.0,85.0,95.0,105.0,115.0,125.0,135.0,145.0,155.0,165.0,175.0,185.0,195.0],"type":"linear","zeroline":false,"title":{"text":"Assets"},"domain":[0.15,1]},"yaxis":{"mirror":false,"rangemode":"tozero","showgrid":false,"showline":false,"showticklabels":false,"ticks":"","type":"linear","zeroline":false,"title":{"text":"Assets"},"domain":[0,0.85],"tickvals":[5.0,15.0,25.0,35.0,45.0,55.0,65.0,75.0,85.0,95.0,105.0,115.0,125.0,135.0,145.0,155.0,165.0,175.0,185.0,195.0],"ticktext":["AMD","MSFT","AAPL","BBY","HD","WMT","GE","JPM","BAC","UNH","PG","KO","PEP","JNJ","MRK","PFE","LLY","XOM","CVX","RRC"]},"template":{"data":{"histogram2dcontour":[{"type":"histogram2dcontour","colorbar":{"outlinewidth":0,"ticks":""},"colorscale":[[0.0,"#0d0887"],[0.1111111111111111,"#46039f"],[0.2222222222222222,"#7201a8"],[0.3333333333333333,"#9c179e"],[0.4444444444444444,"#bd3786"],[0.5555555555555556,"#d8576b"],[0.6666666666666666,"#ed7953"],[0.7777777777777778,"#fb9f3a"],[0.8888888888888888,"#fdca26"],[1.0,"#f0f921"]]}],"choropleth":[{"type":"choropleth","colorbar":{"outlinewidth":0,"ticks":""}}],"histogram2d":[{"type":"histogram2d","colorbar":{"outlinewidth":0,"ticks":""},"colorscale":[[0.0,"#0d0887"],[0.1111111111111111,"#46039f"],[0.2222222222222222,"#7201a8"],[0.3333333333333333,"#9c179e"],[0.4444444444444444,"#bd3786"],[0.5555555555555556,"#d8576b"],[0.6666666666666666,"#ed7953"],[0.7777777777777778,"#fb9f3a"],[0.8888888888888888,"#fdca26"],[1.0,"#f0f921"]]}],"heatmap":[{"type":"heatmap","colorbar":{"outlinewidth":0,"ticks":""},"colorscale":[[0.0,"#0d0887"],[0.1111111111111111,"#46039f"],[0.2222222222222222,"#7201a8"],[0.3333333333333333,"#9c179e"],[0.4444444444444444,"#bd3786"],[0.5555555555555556,"#d8576b"],[0.6666666666666666,"#ed7953"],[0.7777777777777778,"#fb9f3a"],[0.8888888888888888,"#fdca26"],[1.0,"#f0f921"]]}],"heatmapgl":[{"type":"heatmapgl","colorbar":{"outlinewidth":0,"ticks":""},"colorscale":[[0.0,"#0d0887"],[0.1111111111111111,"#46039f"],[0.2222222222222222,"#7201a8"],[0.3333333333333333,"#9c179e"],[0.4444444444444444,"#bd3786"],[0.5555555555555556,"#d8576b"],[0.6666666666666666,"#ed7953"],[0.7777777777777778,"#fb9f3a"],[0.8888888888888888,"#fdca26"],[1.0,"#f0f921"]]}],"contourcarpet":[{"type":"contourcarpet","colorbar":{"outlinewidth":0,"ticks":""}}],"contour":[{"type":"contour","colorbar":{"outlinewidth":0,"ticks":""},"colorscale":[[0.0,"#0d0887"],[0.1111111111111111,"#46039f"],[0.2222222222222222,"#7201a8"],[0.3333333333333333,"#9c179e"],[0.4444444444444444,"#bd3786"],[0.5555555555555556,"#d8576b"],[0.6666666666666666,"#ed7953"],[0.7777777777777778,"#fb9f3a"],[0.8888888888888888,"#fdca26"],[1.0,"#f0f921"]]}],"surface":[{"type":"surface","colorbar":{"outlinewidth":0,"ticks":""},"colorscale":[[0.0,"#0d0887"],[0.1111111111111111,"#46039f"],[0.2222222222222222,"#7201a8"],[0.3333333333333333,"#9c179e"],[0.4444444444444444,"#bd3786"],[0.5555555555555556,"#d8576b"],[0.6666666666666666,"#ed7953"],[0.7777777777777778,"#fb9f3a"],[0.8888888888888888,"#fdca26"],[1.0,"#f0f921"]]}],"mesh3d":[{"type":"mesh3d","colorbar":{"outlinewidth":0,"ticks":""}}],"scatter":[{"fillpattern":{"fillmode":"overlay","size":10,"solidity":0.2},"type":"scatter"}],"parcoords":[{"type":"parcoords","line":{"colorbar":{"outlinewidth":0,"ticks":""}}}],"scatterpolargl":[{"type":"scatterpolargl","marker":{"colorbar":{"outlinewidth":0,"ticks":""}}}],"bar":[{"error_x":{"color":"#2a3f5f"},"error_y":{"color":"#2a3f5f"},"marker":{"line":{"color":"#E5ECF6","width":0.5},"pattern":{"fillmode":"overlay","size":10,"solidity":0.2}},"type":"bar"}],"scattergeo":[{"type":"scattergeo","marker":{"colorbar":{"outlinewidth":0,"ticks":""}}}],"scatterpolar":[{"type":"scatterpolar","marker":{"colorbar":{"outlinewidth":0,"ticks":""}}}],"histogram":[{"marker":{"pattern":{"fillmode":"overlay","size":10,"solidity":0.2}},"type":"histogram"}],"scattergl":[{"type":"scattergl","marker":{"colorbar":{"outlinewidth":0,"ticks":""}}}],"scatter3d":[{"type":"scatter3d","line":{"colorbar":{"outlinewidth":0,"ticks":""}},"marker":{"colorbar":{"outlinewidth":0,"ticks":""}}}],"scattermapbox":[{"type":"scattermapbox","marker":{"colorbar":{"outlinewidth":0,"ticks":""}}}],"scatterternary":[{"type":"scatterternary","marker":{"colorbar":{"outlinewidth":0,"ticks":""}}}],"scattercarpet":[{"type":"scattercarpet","marker":{"colorbar":{"outlinewidth":0,"ticks":""}}}],"carpet":[{"aaxis":{"endlinecolor":"#2a3f5f","gridcolor":"white","linecolor":"white","minorgridcolor":"white","startlinecolor":"#2a3f5f"},"baxis":{"endlinecolor":"#2a3f5f","gridcolor":"white","linecolor":"white","minorgridcolor":"white","startlinecolor":"#2a3f5f"},"type":"carpet"}],"table":[{"cells":{"fill":{"color":"#EBF0F8"},"line":{"color":"white"}},"header":{"fill":{"color":"#C8D4E3"},"line":{"color":"white"}},"type":"table"}],"barpolar":[{"marker":{"line":{"color":"#E5ECF6","width":0.5},"pattern":{"fillmode":"overlay","size":10,"solidity":0.2}},"type":"barpolar"}],"pie":[{"automargin":true,"type":"pie"}]},"layout":{"autotypenumbers":"strict","colorway":["#636efa","#EF553B","#00cc96","#ab63fa","#FFA15A","#19d3f3","#FF6692","#B6E880","#FF97FF","#FECB52"],"font":{"color":"#2a3f5f"},"hovermode":"closest","hoverlabel":{"align":"left"},"paper_bgcolor":"white","plot_bgcolor":"#E5ECF6","polar":{"bgcolor":"#E5ECF6","angularaxis":{"gridcolor":"white","linecolor":"white","ticks":""},"radialaxis":{"gridcolor":"white","linecolor":"white","ticks":""}},"ternary":{"bgcolor":"#E5ECF6","aaxis":{"gridcolor":"white","linecolor":"white","ticks":""},"baxis":{"gridcolor":"white","linecolor":"white","ticks":""},"caxis":{"gridcolor":"white","linecolor":"white","ticks":""}},"coloraxis":{"colorbar":{"outlinewidth":0,"ticks":""}},"colorscale":{"sequential":[[0.0,"#0d0887"],[0.1111111111111111,"#46039f"],[0.2222222222222222,"#7201a8"],[0.3333333333333333,"#9c179e"],[0.4444444444444444,"#bd3786"],[0.5555555555555556,"#d8576b"],[0.6666666666666666,"#ed7953"],[0.7777777777777778,"#fb9f3a"],[0.8888888888888888,"#fdca26"],[1.0,"#f0f921"]],"sequentialminus":[[0.0,"#0d0887"],[0.1111111111111111,"#46039f"],[0.2222222222222222,"#7201a8"],[0.3333333333333333,"#9c179e"],[0.4444444444444444,"#bd3786"],[0.5555555555555556,"#d8576b"],[0.6666666666666666,"#ed7953"],[0.7777777777777778,"#fb9f3a"],[0.8888888888888888,"#fdca26"],[1.0,"#f0f921"]],"diverging":[[0,"#8e0152"],[0.1,"#c51b7d"],[0.2,"#de77ae"],[0.3,"#f1b6da"],[0.4,"#fde0ef"],[0.5,"#f7f7f7"],[0.6,"#e6f5d0"],[0.7,"#b8e186"],[0.8,"#7fbc41"],[0.9,"#4d9221"],[1,"#276419"]]},"xaxis":{"gridcolor":"white","linecolor":"white","ticks":"","title":{"standoff":15},"zerolinecolor":"white","automargin":true,"zerolinewidth":2},"yaxis":{"gridcolor":"white","linecolor":"white","ticks":"","title":{"standoff":15},"zerolinecolor":"white","automargin":true,"zerolinewidth":2},"scene":{"xaxis":{"backgroundcolor":"#E5ECF6","gridcolor":"white","linecolor":"white","showbackground":true,"ticks":"","zerolinecolor":"white","gridwidth":2},"yaxis":{"backgroundcolor":"#E5ECF6","gridcolor":"white","linecolor":"white","showbackground":true,"ticks":"","zerolinecolor":"white","gridwidth":2},"zaxis":{"backgroundcolor":"#E5ECF6","gridcolor":"white","linecolor":"white","showbackground":true,"ticks":"","zerolinecolor":"white","gridwidth":2}},"shapedefaults":{"line":{"color":"#2a3f5f"}},"annotationdefaults":{"arrowcolor":"#2a3f5f","arrowhead":0,"arrowwidth":1},"geo":{"bgcolor":"white","landcolor":"#E5ECF6","subunitcolor":"white","showland":true,"showlakes":true,"lakecolor":"white"},"title":{"x":0.05},"mapbox":{"style":"light"}}},"shapes":[{"line":{"color":"gold","width":2},"type":"rect","x0":40.0,"x1":90.0,"y0":40.0,"y1":90.0},{"line":{"color":"gold","width":2},"type":"rect","x0":0.0,"x1":40.0,"y0":0.0,"y1":40.0},{"line":{"color":"gold","width":2},"type":"rect","x0":170.0,"x1":190.0,"y0":170.0,"y1":190.0},{"line":{"color":"gold","width":2},"type":"rect","x0":190.0,"x1":200.0,"y0":190.0,"y1":200.0},{"line":{"color":"gold","width":2},"type":"rect","x0":130.0,"x1":170.0,"y0":130.0,"y1":170.0},{"line":{"color":"gold","width":2},"type":"rect","x0":90.0,"x1":130.0,"y0":90.0,"y1":130.0}],"xaxis2":{"domain":[0,0.15],"mirror":false,"showgrid":false,"showline":false,"zeroline":false,"showticklabels":false,"ticks":""},"yaxis2":{"domain":[0.825,0.975],"mirror":false,"showgrid":false,"showline":false,"zeroline":false,"showticklabels":false,"ticks":""},"title":{"text":"Dendrogram"}},                        {"responsive": true}                    )                };                            </script>        </div>
    </div>
    <br />
    <br />

.. GENERATED FROM PYTHON SOURCE LINES 94-106

Linkage Methods
===============
The clustering can be greatly affected by the choice of the linkage method.
In the :class:`~skfolio.optimization.HierarchicalEqualRiskContribution` estimator, the
default linkage method is set to the Ward variance minimization algorithm which is
more stable and has better properties than the single-linkage method, which suffers
