
.. DO NOT EDIT.
.. THIS FILE WAS AUTOMATICALLY GENERATED BY SPHINX-GALLERY.
.. TO MAKE CHANGES, EDIT THE SOURCE PYTHON FILE:
.. "auto_examples/5_clustering/plot_4_nco.py"
.. LINE NUMBERS ARE GIVEN BELOW.

.. only:: html

    .. note::
        :class: sphx-glr-download-link-note

        :ref:`Go to the end <sphx_glr_download_auto_examples_5_clustering_plot_4_nco.py>`
        to download the full example code. or to run this example in your browser via Binder

.. rst-class:: sphx-glr-example-title

.. _sphx_glr_auto_examples_5_clustering_plot_4_nco.py:


============================
Nested Clusters Optimization
============================

This tutorial introduces the :class:`~skfolio.optimization.NestedClustersOptimization`
optimization.

Nested Clusters Optimization (NCO) is a portfolio optimization method developed by
Marcos Lopez de Prado.

It uses a distance matrix to compute clusters using a clustering algorithm (
Hierarchical Tree Clustering, KMeans, etc..). For each cluster, the inner-cluster
weights are computed by fitting the inner-estimator on each cluster using the whole
training data. Then the outer-cluster weights are computed by training the
outer-estimator using out-of-sample estimates of the inner-estimators with
cross-validation. Finally, the final assets weights are the dot-product of the
inner-weights and outer-weights.

.. note ::

    The original paper uses KMeans as the clustering algorithm, minimum Variance for
    the inner-estimator and equal-weight for the outer-estimator. Here we generalize
    it to all `sklearn` and `skfolio` clustering algorithm (Hierarchical Tree
    Clustering, KMeans, etc.), all portfolio optimizations (Mean-Variance, HRP, etc.)
    and risk measures (variance, CVaR, etc.).
    To avoid data leakage at the outer-estimator, we use out-of-sample estimates to
    fit the outer estimator.

.. GENERATED FROM PYTHON SOURCE LINES 32-36

Data
====
We load the S&P 500 :ref:`dataset <datasets>` composed of the daily prices of 20
assets from the S&P 500 Index composition starting from 1990-01-02 up to 2022-12-28:

.. GENERATED FROM PYTHON SOURCE LINES 36-58

.. code-block:: Python

    from plotly.io import show
    from sklearn.cluster import KMeans
    from sklearn.model_selection import train_test_split

    from skfolio import Population, RiskMeasure
    from skfolio.cluster import HierarchicalClustering, LinkageMethod
    from skfolio.datasets import load_sp500_dataset
    from skfolio.distance import KendallDistance
    from skfolio.optimization import (
        EqualWeighted,
        MeanRisk,
        NestedClustersOptimization,
        ObjectiveFunction,
        RiskBudgeting,
    )
    from skfolio.preprocessing import prices_to_returns

    prices = load_sp500_dataset()

    X = prices_to_returns(prices)
    X_train, X_test = train_test_split(X, test_size=0.33, shuffle=False)








.. GENERATED FROM PYTHON SOURCE LINES 59-66

Model
=====
We create a NCO model that maximizes the Sharpe Ratio intra-cluster and uses a CVaR
Risk Parity inter-cluster. By default, the inter-cluster optimization
uses `KFolds` out-of-sample estimates of the inner-estimator to avoid data leakage.
and the :class:`~skfolio.cluster.HierarchicalClustering` estimator
to form the clusters:

.. GENERATED FROM PYTHON SOURCE LINES 66-81

.. code-block:: Python

    inner_estimator = MeanRisk(
        objective_function=ObjectiveFunction.MAXIMIZE_RATIO,
        risk_measure=RiskMeasure.VARIANCE,
    )
    outer_estimator = RiskBudgeting(risk_measure=RiskMeasure.CVAR)

    model1 = NestedClustersOptimization(
        inner_estimator=inner_estimator,
        outer_estimator=outer_estimator,
        n_jobs=-1,
        portfolio_params=dict(name="NCO-1"),
    )
    model1.fit(X_train)
    model1.weights_





.. rst-class:: sphx-glr-script-out

 .. code-block:: none


    array([4.34584209e-02, 3.11063951e-03, 1.22024388e-12, 4.55252258e-02,
           7.75788140e-02, 6.00649762e-02, 4.72970927e-02, 1.25072704e-01,
           4.62234859e-02, 3.16515408e-02, 2.74201691e-12, 2.48338678e-03,
           8.63902381e-02, 3.19329099e-02, 6.00331543e-02, 4.79314628e-02,
           9.30702059e-02, 5.98358814e-02, 4.48495185e-02, 9.34903427e-02])



.. GENERATED FROM PYTHON SOURCE LINES 82-87

Dendrogram
==========
To analyze the clusters structure, we can plot the dendrogram.
The blue lines represent distinct clusters composed of a single asset.
The remaining colors represent clusters of more than one asset:

.. GENERATED FROM PYTHON SOURCE LINES 87-89

.. code-block:: Python

    model1.clustering_estimator_.plot_dendrogram(heatmap=False)






.. raw:: html

    <div class="output_subarea output_html rendered_html output_result">
    <div>                        <script type="text/javascript">window.PlotlyConfig = {MathJaxConfig: 'local'};</script>
            <script charset="utf-8" src="https://cdn.plot.ly/plotly-2.35.2.min.js"></script>                <div id="04a4a3d5-918c-42d5-82f4-577a52d9fe62" class="plotly-graph-div" style="height:400px; width:800px;"></div>            <script type="text/javascript">                                    window.PLOTLYENV=window.PLOTLYENV || {};                                    if (document.getElementById("04a4a3d5-918c-42d5-82f4-577a52d9fe62")) {                    Plotly.newPlot(                        "04a4a3d5-918c-42d5-82f4-577a52d9fe62",                        [{"hoverinfo":"text","marker":{"color":"rgb(61,153,112)"},"mode":"lines","x":[15.0,15.0,25.0,25.0],"xaxis":"x","y":[0.0,0.5634305937818087,0.5634305937818087,0.0],"yaxis":"y","type":"scatter"},{"hoverinfo":"text","marker":{"color":"rgb(61,153,112)"},"mode":"lines","x":[5.0,5.0,20.0,20.0],"xaxis":"x","y":[0.0,0.5825707480462969,0.5825707480462969,0.5634305937818087],"yaxis":"y","type":"scatter"},{"hoverinfo":"text","marker":{"color":"rgb(255,65,54)"},"mode":"lines","x":[35.0,35.0,45.0,45.0],"xaxis":"x","y":[0.0,0.4789146900467906,0.4789146900467906,0.0],"yaxis":"y","type":"scatter"},{"hoverinfo":"text","marker":{"color":"rgb(255,65,54)"},"mode":"lines","x":[40.0,40.0,55.0,55.0],"xaxis":"x","y":[0.4789146900467906,0.6059684942231799,0.6059684942231799,0.0],"yaxis":"y","type":"scatter"},{"hoverinfo":"text","marker":{"color":"rgb(0,116,217)"},"mode":"lines","x":[12.5,12.5,47.5,47.5],"xaxis":"x","y":[0.5825707480462969,0.6862682671785916,0.6862682671785916,0.6059684942231799],"yaxis":"y","type":"scatter"},{"hoverinfo":"text","marker":{"color":"rgb(35,205,205)"},"mode":"lines","x":[75.0,75.0,85.0,85.0],"xaxis":"x","y":[0.0,0.37737229177145726,0.37737229177145726,0.0],"yaxis":"y","type":"scatter"},{"hoverinfo":"text","marker":{"color":"rgb(35,205,205)"},"mode":"lines","x":[65.0,65.0,80.0,80.0],"xaxis":"x","y":[0.0,0.5002419191148576,0.5002419191148576,0.37737229177145726],"yaxis":"y","type":"scatter"},{"hoverinfo":"text","marker":{"color":"rgb(0,116,217)"},"mode":"lines","x":[30.0,30.0,72.5,72.5],"xaxis":"x","y":[0.6862682671785916,0.705205795695071,0.705205795695071,0.5002419191148576],"yaxis":"y","type":"scatter"},{"hoverinfo":"text","marker":{"color":"rgb(133,20,75)"},"mode":"lines","x":[115.0,115.0,125.0,125.0],"xaxis":"x","y":[0.0,0.49369464626401816,0.49369464626401816,0.0],"yaxis":"y","type":"scatter"},{"hoverinfo":"text","marker":{"color":"rgb(133,20,75)"},"mode":"lines","x":[105.0,105.0,120.0,120.0],"xaxis":"x","y":[0.0,0.552466229847802,0.552466229847802,0.49369464626401816],"yaxis":"y","type":"scatter"},{"hoverinfo":"text","marker":{"color":"rgb(133,20,75)"},"mode":"lines","x":[95.0,95.0,112.5,112.5],"xaxis":"x","y":[0.0,0.652504354339406,0.652504354339406,0.552466229847802],"yaxis":"y","type":"scatter"},{"hoverinfo":"text","marker":{"color":"rgb(255,220,0)"},"mode":"lines","x":[145.0,145.0,155.0,155.0],"xaxis":"x","y":[0.0,0.4641826844784307,0.4641826844784307,0.0],"yaxis":"y","type":"scatter"},{"hoverinfo":"text","marker":{"color":"rgb(255,220,0)"},"mode":"lines","x":[150.0,150.0,165.0,165.0],"xaxis":"x","y":[0.4641826844784307,0.49101147829151154,0.49101147829151154,0.0],"yaxis":"y","type":"scatter"},{"hoverinfo":"text","marker":{"color":"rgb(255,220,0)"},"mode":"lines","x":[135.0,135.0,157.5,157.5],"xaxis":"x","y":[0.0,0.4978456775314099,0.4978456775314099,0.49101147829151154],"yaxis":"y","type":"scatter"},{"hoverinfo":"text","marker":{"color":"rgb(0,116,217)"},"mode":"lines","x":[103.75,103.75,146.25,146.25],"xaxis":"x","y":[0.652504354339406,0.6859870501912814,0.6859870501912814,0.4978456775314099],"yaxis":"y","type":"scatter"},{"hoverinfo":"text","marker":{"color":"rgb(40,35,35)"},"mode":"lines","x":[175.0,175.0,185.0,185.0],"xaxis":"x","y":[0.0,0.33778742387384864,0.33778742387384864,0.0],"yaxis":"y","type":"scatter"},{"hoverinfo":"text","marker":{"color":"rgb(0,116,217)"},"mode":"lines","x":[180.0,180.0,195.0,195.0],"xaxis":"x","y":[0.33778742387384864,0.6589470012090497,0.6589470012090497,0.0],"yaxis":"y","type":"scatter"},{"hoverinfo":"text","marker":{"color":"rgb(0,116,217)"},"mode":"lines","x":[125.0,125.0,187.5,187.5],"xaxis":"x","y":[0.6859870501912814,0.8186305602413882,0.8186305602413882,0.6589470012090497],"yaxis":"y","type":"scatter"},{"hoverinfo":"text","marker":{"color":"rgb(0,116,217)"},"mode":"lines","x":[51.25,51.25,156.25,156.25],"xaxis":"x","y":[0.705205795695071,0.8805430248843226,0.8805430248843226,0.8186305602413882],"yaxis":"y","type":"scatter"}],                        {"autosize":false,"height":400,"hovermode":"closest","showlegend":false,"width":800,"xaxis":{"mirror":"allticks","rangemode":"tozero","showgrid":false,"showline":true,"showticklabels":true,"tickmode":"array","ticks":"outside","ticktext":["AMD","MSFT","AAPL","WMT","HD","BBY","GE","JPM","BAC","UNH","PG","KO","PEP","JNJ","MRK","PFE","LLY","XOM","CVX","RRC"],"tickvals":[5.0,15.0,25.0,35.0,45.0,55.0,65.0,75.0,85.0,95.0,105.0,115.0,125.0,135.0,145.0,155.0,165.0,175.0,185.0,195.0],"type":"linear","zeroline":false,"title":{"text":"Assets"}},"yaxis":{"mirror":"allticks","rangemode":"tozero","showgrid":false,"showline":true,"showticklabels":true,"ticks":"outside","type":"linear","zeroline":false,"title":{"text":"Distance"}},"template":{"data":{"histogram2dcontour":[{"type":"histogram2dcontour","colorbar":{"outlinewidth":0,"ticks":""},"colorscale":[[0.0,"#0d0887"],[0.1111111111111111,"#46039f"],[0.2222222222222222,"#7201a8"],[0.3333333333333333,"#9c179e"],[0.4444444444444444,"#bd3786"],[0.5555555555555556,"#d8576b"],[0.6666666666666666,"#ed7953"],[0.7777777777777778,"#fb9f3a"],[0.8888888888888888,"#fdca26"],[1.0,"#f0f921"]]}],"choropleth":[{"type":"choropleth","colorbar":{"outlinewidth":0,"ticks":""}}],"histogram2d":[{"type":"histogram2d","colorbar":{"outlinewidth":0,"ticks":""},"colorscale":[[0.0,"#0d0887"],[0.1111111111111111,"#46039f"],[0.2222222222222222,"#7201a8"],[0.3333333333333333,"#9c179e"],[0.4444444444444444,"#bd3786"],[0.5555555555555556,"#d8576b"],[0.6666666666666666,"#ed7953"],[0.7777777777777778,"#fb9f3a"],[0.8888888888888888,"#fdca26"],[1.0,"#f0f921"]]}],"heatmap":[{"type":"heatmap","colorbar":{"outlinewidth":0,"ticks":""},"colorscale":[[0.0,"#0d0887"],[0.1111111111111111,"#46039f"],[0.2222222222222222,"#7201a8"],[0.3333333333333333,"#9c179e"],[0.4444444444444444,"#bd3786"],[0.5555555555555556,"#d8576b"],[0.6666666666666666,"#ed7953"],[0.7777777777777778,"#fb9f3a"],[0.8888888888888888,"#fdca26"],[1.0,"#f0f921"]]}],"heatmapgl":[{"type":"heatmapgl","colorbar":{"outlinewidth":0,"ticks":""},"colorscale":[[0.0,"#0d0887"],[0.1111111111111111,"#46039f"],[0.2222222222222222,"#7201a8"],[0.3333333333333333,"#9c179e"],[0.4444444444444444,"#bd3786"],[0.5555555555555556,"#d8576b"],[0.6666666666666666,"#ed7953"],[0.7777777777777778,"#fb9f3a"],[0.8888888888888888,"#fdca26"],[1.0,"#f0f921"]]}],"contourcarpet":[{"type":"contourcarpet","colorbar":{"outlinewidth":0,"ticks":""}}],"contour":[{"type":"contour","colorbar":{"outlinewidth":0,"ticks":""},"colorscale":[[0.0,"#0d0887"],[0.1111111111111111,"#46039f"],[0.2222222222222222,"#7201a8"],[0.3333333333333333,"#9c179e"],[0.4444444444444444,"#bd3786"],[0.5555555555555556,"#d8576b"],[0.6666666666666666,"#ed7953"],[0.7777777777777778,"#fb9f3a"],[0.8888888888888888,"#fdca26"],[1.0,"#f0f921"]]}],"surface":[{"type":"surface","colorbar":{"outlinewidth":0,"ticks":""},"colorscale":[[0.0,"#0d0887"],[0.1111111111111111,"#46039f"],[0.2222222222222222,"#7201a8"],[0.3333333333333333,"#9c179e"],[0.4444444444444444,"#bd3786"],[0.5555555555555556,"#d8576b"],[0.6666666666666666,"#ed7953"],[0.7777777777777778,"#fb9f3a"],[0.8888888888888888,"#fdca26"],[1.0,"#f0f921"]]}],"mesh3d":[{"type":"mesh3d","colorbar":{"outlinewidth":0,"ticks":""}}],"scatter":[{"fillpattern":{"fillmode":"overlay","size":10,"solidity":0.2},"type":"scatter"}],"parcoords":[{"type":"parcoords","line":{"colorbar":{"outlinewidth":0,"ticks":""}}}],"scatterpolargl":[{"type":"scatterpolargl","marker":{"colorbar":{"outlinewidth":0,"ticks":""}}}],"bar":[{"error_x":{"color":"#2a3f5f"},"error_y":{"color":"#2a3f5f"},"marker":{"line":{"color":"#E5ECF6","width":0.5},"pattern":{"fillmode":"overlay","size":10,"solidity":0.2}},"type":"bar"}],"scattergeo":[{"type":"scattergeo","marker":{"colorbar":{"outlinewidth":0,"ticks":""}}}],"scatterpolar":[{"type":"scatterpolar","marker":{"colorbar":{"outlinewidth":0,"ticks":""}}}],"histogram":[{"marker":{"pattern":{"fillmode":"overlay","size":10,"solidity":0.2}},"type":"histogram"}],"scattergl":[{"type":"scattergl","marker":{"colorbar":{"outlinewidth":0,"ticks":""}}}],"scatter3d":[{"type":"scatter3d","line":{"colorbar":{"outlinewidth":0,"ticks":""}},"marker":{"colorbar":{"outlinewidth":0,"ticks":""}}}],"scattermapbox":[{"type":"scattermapbox","marker":{"colorbar":{"outlinewidth":0,"ticks":""}}}],"scatterternary":[{"type":"scatterternary","marker":{"colorbar":{"outlinewidth":0,"ticks":""}}}],"scattercarpet":[{"type":"scattercarpet","marker":{"colorbar":{"outlinewidth":0,"ticks":""}}}],"carpet":[{"aaxis":{"endlinecolor":"#2a3f5f","gridcolor":"white","linecolor":"white","minorgridcolor":"white","startlinecolor":"#2a3f5f"},"baxis":{"endlinecolor":"#2a3f5f","gridcolor":"white","linecolor":"white","minorgridcolor":"white","startlinecolor":"#2a3f5f"},"type":"carpet"}],"table":[{"cells":{"fill":{"color":"#EBF0F8"},"line":{"color":"white"}},"header":{"fill":{"color":"#C8D4E3"},"line":{"color":"white"}},"type":"table"}],"barpolar":[{"marker":{"line":{"color":"#E5ECF6","width":0.5},"pattern":{"fillmode":"overlay","size":10,"solidity":0.2}},"type":"barpolar"}],"pie":[{"automargin":true,"type":"pie"}]},"layout":{"autotypenumbers":"strict","colorway":["#636efa","#EF553B","#00cc96","#ab63fa","#FFA15A","#19d3f3","#FF6692","#B6E880","#FF97FF","#FECB52"],"font":{"color":"#2a3f5f"},"hovermode":"closest","hoverlabel":{"align":"left"},"paper_bgcolor":"white","plot_bgcolor":"#E5ECF6","polar":{"bgcolor":"#E5ECF6","angularaxis":{"gridcolor":"white","linecolor":"white","ticks":""},"radialaxis":{"gridcolor":"white","linecolor":"white","ticks":""}},"ternary":{"bgcolor":"#E5ECF6","aaxis":{"gridcolor":"white","linecolor":"white","ticks":""},"baxis":{"gridcolor":"white","linecolor":"white","ticks":""},"caxis":{"gridcolor":"white","linecolor":"white","ticks":""}},"coloraxis":{"colorbar":{"outlinewidth":0,"ticks":""}},"colorscale":{"sequential":[[0.0,"#0d0887"],[0.1111111111111111,"#46039f"],[0.2222222222222222,"#7201a8"],[0.3333333333333333,"#9c179e"],[0.4444444444444444,"#bd3786"],[0.5555555555555556,"#d8576b"],[0.6666666666666666,"#ed7953"],[0.7777777777777778,"#fb9f3a"],[0.8888888888888888,"#fdca26"],[1.0,"#f0f921"]],"sequentialminus":[[0.0,"#0d0887"],[0.1111111111111111,"#46039f"],[0.2222222222222222,"#7201a8"],[0.3333333333333333,"#9c179e"],[0.4444444444444444,"#bd3786"],[0.5555555555555556,"#d8576b"],[0.6666666666666666,"#ed7953"],[0.7777777777777778,"#fb9f3a"],[0.8888888888888888,"#fdca26"],[1.0,"#f0f921"]],"diverging":[[0,"#8e0152"],[0.1,"#c51b7d"],[0.2,"#de77ae"],[0.3,"#f1b6da"],[0.4,"#fde0ef"],[0.5,"#f7f7f7"],[0.6,"#e6f5d0"],[0.7,"#b8e186"],[0.8,"#7fbc41"],[0.9,"#4d9221"],[1,"#276419"]]},"xaxis":{"gridcolor":"white","linecolor":"white","ticks":"","title":{"standoff":15},"zerolinecolor":"white","automargin":true,"zerolinewidth":2},"yaxis":{"gridcolor":"white","linecolor":"white","ticks":"","title":{"standoff":15},"zerolinecolor":"white","automargin":true,"zerolinewidth":2},"scene":{"xaxis":{"backgroundcolor":"#E5ECF6","gridcolor":"white","linecolor":"white","showbackground":true,"ticks":"","zerolinecolor":"white","gridwidth":2},"yaxis":{"backgroundcolor":"#E5ECF6","gridcolor":"white","linecolor":"white","showbackground":true,"ticks":"","zerolinecolor":"white","gridwidth":2},"zaxis":{"backgroundcolor":"#E5ECF6","gridcolor":"white","linecolor":"white","showbackground":true,"ticks":"","zerolinecolor":"white","gridwidth":2}},"shapedefaults":{"line":{"color":"#2a3f5f"}},"annotationdefaults":{"arrowcolor":"#2a3f5f","arrowhead":0,"arrowwidth":1},"geo":{"bgcolor":"white","landcolor":"#E5ECF6","subunitcolor":"white","showland":true,"showlakes":true,"lakecolor":"white"},"title":{"x":0.05},"mapbox":{"style":"light"}}},"title":{"text":"Dendrogram"}},                        {"responsive": true}                    )                };                            </script>        </div>
    </div>
    <br />
    <br />

.. GENERATED FROM PYTHON SOURCE LINES 90-94

The horizontal axis represent the assets. The links between clusters are represented
as upside-down U-shaped lines. The height of the U indicates the distance between the
clusters. For example, the link representing the cluster containing Assets HD and WMT
has a distance of 0.5 (called cophenetic distance).

.. GENERATED FROM PYTHON SOURCE LINES 96-98

When `heatmap` is set to True, the heatmap of the reordered distance matrix is
displayed below the dendrogram and clusters are outlined with yellow squares:

.. GENERATED FROM PYTHON SOURCE LINES 98-100

.. code-block:: Python

    model1.clustering_estimator_.plot_dendrogram()






.. raw:: html

    <div class="output_subarea output_html rendered_html output_result">
    <div>                        <script type="text/javascript">window.PlotlyConfig = {MathJaxConfig: 'local'};</script>
            <script charset="utf-8" src="https://cdn.plot.ly/plotly-2.35.2.min.js"></script>                <div id="69796042-8d35-4b1f-8a28-a6d3a8d6e348" class="plotly-graph-div" style="height:800px; width:800px;"></div>            <script type="text/javascript">                                    window.PLOTLYENV=window.PLOTLYENV || {};                                    if (document.getElementById("69796042-8d35-4b1f-8a28-a6d3a8d6e348")) {                    Plotly.newPlot(                        "69796042-8d35-4b1f-8a28-a6d3a8d6e348",                        [{"hoverinfo":"text","marker":{"color":"rgb(61,153,112)"},"mode":"lines","x":[15.0,15.0,25.0,25.0],"xaxis":"x","y":[0.0,0.5634305937818087,0.5634305937818087,0.0],"yaxis":"y2","type":"scatter"},{"hoverinfo":"text","marker":{"color":"rgb(61,153,112)"},"mode":"lines","x":[5.0,5.0,20.0,20.0],"xaxis":"x","y":[0.0,0.5825707480462969,0.5825707480462969,0.5634305937818087],"yaxis":"y2","type":"scatter"},{"hoverinfo":"text","marker":{"color":"rgb(255,65,54)"},"mode":"lines","x":[35.0,35.0,45.0,45.0],"xaxis":"x","y":[0.0,0.4789146900467906,0.4789146900467906,0.0],"yaxis":"y2","type":"scatter"},{"hoverinfo":"text","marker":{"color":"rgb(255,65,54)"},"mode":"lines","x":[40.0,40.0,55.0,55.0],"xaxis":"x","y":[0.4789146900467906,0.6059684942231799,0.6059684942231799,0.0],"yaxis":"y2","type":"scatter"},{"hoverinfo":"text","marker":{"color":"rgb(0,116,217)"},"mode":"lines","x":[12.5,12.5,47.5,47.5],"xaxis":"x","y":[0.5825707480462969,0.6862682671785916,0.6862682671785916,0.6059684942231799],"yaxis":"y2","type":"scatter"},{"hoverinfo":"text","marker":{"color":"rgb(35,205,205)"},"mode":"lines","x":[75.0,75.0,85.0,85.0],"xaxis":"x","y":[0.0,0.37737229177145726,0.37737229177145726,0.0],"yaxis":"y2","type":"scatter"},{"hoverinfo":"text","marker":{"color":"rgb(35,205,205)"},"mode":"lines","x":[65.0,65.0,80.0,80.0],"xaxis":"x","y":[0.0,0.5002419191148576,0.5002419191148576,0.37737229177145726],"yaxis":"y2","type":"scatter"},{"hoverinfo":"text","marker":{"color":"rgb(0,116,217)"},"mode":"lines","x":[30.0,30.0,72.5,72.5],"xaxis":"x","y":[0.6862682671785916,0.705205795695071,0.705205795695071,0.5002419191148576],"yaxis":"y2","type":"scatter"},{"hoverinfo":"text","marker":{"color":"rgb(133,20,75)"},"mode":"lines","x":[115.0,115.0,125.0,125.0],"xaxis":"x","y":[0.0,0.49369464626401816,0.49369464626401816,0.0],"yaxis":"y2","type":"scatter"},{"hoverinfo":"text","marker":{"color":"rgb(133,20,75)"},"mode":"lines","x":[105.0,105.0,120.0,120.0],"xaxis":"x","y":[0.0,0.552466229847802,0.552466229847802,0.49369464626401816],"yaxis":"y2","type":"scatter"},{"hoverinfo":"text","marker":{"color":"rgb(133,20,75)"},"mode":"lines","x":[95.0,95.0,112.5,112.5],"xaxis":"x","y":[0.0,0.652504354339406,0.652504354339406,0.552466229847802],"yaxis":"y2","type":"scatter"},{"hoverinfo":"text","marker":{"color":"rgb(255,220,0)"},"mode":"lines","x":[145.0,145.0,155.0,155.0],"xaxis":"x","y":[0.0,0.4641826844784307,0.4641826844784307,0.0],"yaxis":"y2","type":"scatter"},{"hoverinfo":"text","marker":{"color":"rgb(255,220,0)"},"mode":"lines","x":[150.0,150.0,165.0,165.0],"xaxis":"x","y":[0.4641826844784307,0.49101147829151154,0.49101147829151154,0.0],"yaxis":"y2","type":"scatter"},{"hoverinfo":"text","marker":{"color":"rgb(255,220,0)"},"mode":"lines","x":[135.0,135.0,157.5,157.5],"xaxis":"x","y":[0.0,0.4978456775314099,0.4978456775314099,0.49101147829151154],"yaxis":"y2","type":"scatter"},{"hoverinfo":"text","marker":{"color":"rgb(0,116,217)"},"mode":"lines","x":[103.75,103.75,146.25,146.25],"xaxis":"x","y":[0.652504354339406,0.6859870501912814,0.6859870501912814,0.4978456775314099],"yaxis":"y2","type":"scatter"},{"hoverinfo":"text","marker":{"color":"rgb(40,35,35)"},"mode":"lines","x":[175.0,175.0,185.0,185.0],"xaxis":"x","y":[0.0,0.33778742387384864,0.33778742387384864,0.0],"yaxis":"y2","type":"scatter"},{"hoverinfo":"text","marker":{"color":"rgb(0,116,217)"},"mode":"lines","x":[180.0,180.0,195.0,195.0],"xaxis":"x","y":[0.33778742387384864,0.6589470012090497,0.6589470012090497,0.0],"yaxis":"y2","type":"scatter"},{"hoverinfo":"text","marker":{"color":"rgb(0,116,217)"},"mode":"lines","x":[125.0,125.0,187.5,187.5],"xaxis":"x","y":[0.6859870501912814,0.8186305602413882,0.8186305602413882,0.6589470012090497],"yaxis":"y2","type":"scatter"},{"hoverinfo":"text","marker":{"color":"rgb(0,116,217)"},"mode":"lines","x":[51.25,51.25,156.25,156.25],"xaxis":"x","y":[0.705205795695071,0.8805430248843226,0.8805430248843226,0.8186305602413882],"yaxis":"y2","type":"scatter"},{"hoverinfo":"text","marker":{"color":"rgb(61,153,112)"},"mode":"lines","x":[-0.0,-0.5634305937818087,-0.5634305937818087,-0.0],"xaxis":"x2","y":[15.0,15.0,25.0,25.0],"yaxis":"y","type":"scatter"},{"hoverinfo":"text","marker":{"color":"rgb(61,153,112)"},"mode":"lines","x":[-0.0,-0.5825707480462969,-0.5825707480462969,-0.5634305937818087],"xaxis":"x2","y":[5.0,5.0,20.0,20.0],"yaxis":"y","type":"scatter"},{"hoverinfo":"text","marker":{"color":"rgb(255,65,54)"},"mode":"lines","x":[-0.0,-0.4789146900467906,-0.4789146900467906,-0.0],"xaxis":"x2","y":[35.0,35.0,45.0,45.0],"yaxis":"y","type":"scatter"},{"hoverinfo":"text","marker":{"color":"rgb(255,65,54)"},"mode":"lines","x":[-0.4789146900467906,-0.6059684942231799,-0.6059684942231799,-0.0],"xaxis":"x2","y":[40.0,40.0,55.0,55.0],"yaxis":"y","type":"scatter"},{"hoverinfo":"text","marker":{"color":"rgb(0,116,217)"},"mode":"lines","x":[-0.5825707480462969,-0.6862682671785916,-0.6862682671785916,-0.6059684942231799],"xaxis":"x2","y":[12.5,12.5,47.5,47.5],"yaxis":"y","type":"scatter"},{"hoverinfo":"text","marker":{"color":"rgb(35,205,205)"},"mode":"lines","x":[-0.0,-0.37737229177145726,-0.37737229177145726,-0.0],"xaxis":"x2","y":[75.0,75.0,85.0,85.0],"yaxis":"y","type":"scatter"},{"hoverinfo":"text","marker":{"color":"rgb(35,205,205)"},"mode":"lines","x":[-0.0,-0.5002419191148576,-0.5002419191148576,-0.37737229177145726],"xaxis":"x2","y":[65.0,65.0,80.0,80.0],"yaxis":"y","type":"scatter"},{"hoverinfo":"text","marker":{"color":"rgb(0,116,217)"},"mode":"lines","x":[-0.6862682671785916,-0.705205795695071,-0.705205795695071,-0.5002419191148576],"xaxis":"x2","y":[30.0,30.0,72.5,72.5],"yaxis":"y","type":"scatter"},{"hoverinfo":"text","marker":{"color":"rgb(133,20,75)"},"mode":"lines","x":[-0.0,-0.49369464626401816,-0.49369464626401816,-0.0],"xaxis":"x2","y":[115.0,115.0,125.0,125.0],"yaxis":"y","type":"scatter"},{"hoverinfo":"text","marker":{"color":"rgb(133,20,75)"},"mode":"lines","x":[-0.0,-0.552466229847802,-0.552466229847802,-0.49369464626401816],"xaxis":"x2","y":[105.0,105.0,120.0,120.0],"yaxis":"y","type":"scatter"},{"hoverinfo":"text","marker":{"color":"rgb(133,20,75)"},"mode":"lines","x":[-0.0,-0.652504354339406,-0.652504354339406,-0.552466229847802],"xaxis":"x2","y":[95.0,95.0,112.5,112.5],"yaxis":"y","type":"scatter"},{"hoverinfo":"text","marker":{"color":"rgb(255,220,0)"},"mode":"lines","x":[-0.0,-0.4641826844784307,-0.4641826844784307,-0.0],"xaxis":"x2","y":[145.0,145.0,155.0,155.0],"yaxis":"y","type":"scatter"},{"hoverinfo":"text","marker":{"color":"rgb(255,220,0)"},"mode":"lines","x":[-0.4641826844784307,-0.49101147829151154,-0.49101147829151154,-0.0],"xaxis":"x2","y":[150.0,150.0,165.0,165.0],"yaxis":"y","type":"scatter"},{"hoverinfo":"text","marker":{"color":"rgb(255,220,0)"},"mode":"lines","x":[-0.0,-0.4978456775314099,-0.4978456775314099,-0.49101147829151154],"xaxis":"x2","y":[135.0,135.0,157.5,157.5],"yaxis":"y","type":"scatter"},{"hoverinfo":"text","marker":{"color":"rgb(0,116,217)"},"mode":"lines","x":[-0.652504354339406,-0.6859870501912814,-0.6859870501912814,-0.4978456775314099],"xaxis":"x2","y":[103.75,103.75,146.25,146.25],"yaxis":"y","type":"scatter"},{"hoverinfo":"text","marker":{"color":"rgb(40,35,35)"},"mode":"lines","x":[-0.0,-0.33778742387384864,-0.33778742387384864,-0.0],"xaxis":"x2","y":[175.0,175.0,185.0,185.0],"yaxis":"y","type":"scatter"},{"hoverinfo":"text","marker":{"color":"rgb(0,116,217)"},"mode":"lines","x":[-0.33778742387384864,-0.6589470012090497,-0.6589470012090497,-0.0],"xaxis":"x2","y":[180.0,180.0,195.0,195.0],"yaxis":"y","type":"scatter"},{"hoverinfo":"text","marker":{"color":"rgb(0,116,217)"},"mode":"lines","x":[-0.6859870501912814,-0.8186305602413882,-0.8186305602413882,-0.6589470012090497],"xaxis":"x2","y":[125.0,125.0,187.5,187.5],"yaxis":"y","type":"scatter"},{"hoverinfo":"text","marker":{"color":"rgb(0,116,217)"},"mode":"lines","x":[-0.705205795695071,-0.8805430248843226,-0.8805430248843226,-0.8186305602413882],"xaxis":"x2","y":[51.25,51.25,156.25,156.25],"yaxis":"y","type":"scatter"},{"colorscale":[[0.0,"rgb(247,251,255)"],[0.125,"rgb(222,235,247)"],[0.25,"rgb(198,219,239)"],[0.375,"rgb(158,202,225)"],[0.5,"rgb(107,174,214)"],[0.625,"rgb(66,146,198)"],[0.75,"rgb(33,113,181)"],[0.875,"rgb(8,81,156)"],[1.0,"rgb(8,48,107)"]],"name":"","x":[5.0,15.0,25.0,35.0,45.0,55.0,65.0,75.0,85.0,95.0,105.0,115.0,125.0,135.0,145.0,155.0,165.0,175.0,185.0,195.0],"y":[5.0,15.0,25.0,35.0,45.0,55.0,65.0,75.0,85.0,95.0,105.0,115.0,125.0,135.0,145.0,155.0,165.0,175.0,185.0,195.0],"z":[[0.0,0.5732929058033092,0.5823618083967148,0.6410477210483814,0.5983418469386577,0.625152909170968,0.5923841625135122,0.58986670640522,0.6075385445358178,0.6513402587578471,0.6647594729172341,0.6532872819797652,0.6533701182811219,0.6502683527774793,0.6456341451451012,0.6437789192271913,0.6469395316212906,0.633770623506252,0.6328717348874017,0.6645332854741174],[0.5732929058033092,0.0,0.5634305937818087,0.5727475277909181,0.5501235086168953,0.6021581737994783,0.5393650207730659,0.5521046764339832,0.5853441203714165,0.6185344455448957,0.6158399189435209,0.5962563557538547,0.6114210471118775,0.593536165264156,0.5957405287678009,0.5853264054956004,0.5959623558623635,0.5841023942198008,0.5930767179744878,0.6567797964878223],[0.5823618083967148,0.5634305937818087,0.0,0.621172434792043,0.6023394168242913,0.62552599397252,0.5872678699072363,0.6029586675337885,0.6173250765251062,0.646463471163872,0.6522344337825515,0.6443318000847177,0.6582098997644319,0.649702647892385,0.6412962454584603,0.6450675565870656,0.6508762758102561,0.6363809439084894,0.6415387260457809,0.6656699132436193],[0.6410477210483814,0.5727475277909181,0.621172434792043,0.0,0.4789146900467906,0.5954072732790717,0.5395782905141271,0.5744446722896392,0.5985184798283681,0.6254608287798614,0.5713732161825709,0.5691790610954026,0.5817898334304809,0.5750782313972527,0.5849381326254307,0.578404366396648,0.5859866547185031,0.5957241446951272,0.6126985478613384,0.6803295853573889],[0.5983418469386577,0.5501235086168953,0.6023394168242913,0.4789146900467906,0.0,0.5576437420830163,0.5127016928829693,0.5267694607371571,0.5504303044054705,0.6041466166082049,0.5906986885853224,0.5742799012528985,0.5856369356121405,0.5877774454180136,0.5879211833159651,0.5834788039147456,0.5905806676605462,0.5895682147420985,0.5976184445639923,0.6625136361746689],[0.625152909170968,0.6021581737994783,0.62552599397252,0.5954072732790717,0.5576437420830163,0.0,0.5896326254268587,0.596292370273539,0.616968820767485,0.6544935221633152,0.6496425149075287,0.6504252807113161,0.6521023397316025,0.6473953371522354,0.6442354719027532,0.640885438034997,0.6398598191094229,0.6517299863443466,0.650854601818008,0.6722351965211865],[0.5923841625135122,0.5393650207730659,0.5872678699072363,0.5395782905141271,0.5127016928829693,0.5896326254268587,0.0,0.4664612287948186,0.47852044030451046,0.6006937636336105,0.5597132293122414,0.5597816660973449,0.5764445993111273,0.5575115429570633,0.5620628608069019,0.5454074368571707,0.5640558458545742,0.5484289701179677,0.5564006078346954,0.6429921951058823],[0.58986670640522,0.5521046764339832,0.6029586675337885,0.5744446722896392,0.5267694607371571,0.596292370273539,0.4664612287948186,0.0,0.37737229177145726,0.6070076002158855,0.598194796406354,0.5965862447115555,0.6089146034510124,0.6008960465454938,0.5848075618345192,0.5811643035371249,0.592476921627771,0.5798943046612652,0.5758904346124323,0.6466172460673012],[0.6075385445358178,0.5853441203714165,0.6173250765251062,0.5985184798283681,0.5504303044054705,0.616968820767485,0.47852044030451046,0.37737229177145726,0.0,0.6068720877255959,0.6023497436756831,0.6055152486026213,0.6135289627045536,0.6067182829714818,0.6017003257762628,0.5887494620352224,0.603851421342177,0.5840457960349085,0.57403800108569,0.6456157083200247],[0.6513402587578471,0.6185344455448957,0.646463471163872,0.6254608287798614,0.6041466166082049,0.6544935221633152,0.6006937636336105,0.6070076002158855,0.6068720877255959,0.0,0.6112596393631243,0.608236883262827,0.6183931447098642,0.595440964256536,0.6012877578377411,0.6017205132911307,0.6060713395731645,0.6166854052060391,0.6097888429348173,0.6633159833917952],[0.6647594729172341,0.6158399189435209,0.6522344337825515,0.5713732161825709,0.5906986885853224,0.6496425149075287,0.5597132293122414,0.598194796406354,0.6023497436756831,0.6112596393631243,0.0,0.5236795369390669,0.5526801490460176,0.5355224445381618,0.5598526755309541,0.5588849711804602,0.5733914693559368,0.5854642801473201,0.600777435256801,0.6783082406844557],[0.6532872819797652,0.5962563557538547,0.6443318000847177,0.5691790610954026,0.5742799012528985,0.6504252807113161,0.5597816660973449,0.5965862447115555,0.6055152486026213,0.608236883262827,0.5236795369390669,0.0,0.49369464626401816,0.5417895703954521,0.5631247049735024,0.5631329436126408,0.5655009816528311,0.5634970198669741,0.5878612695700097,0.6685045018073306],[0.6533701182811219,0.6114210471118775,0.6582098997644319,0.5817898334304809,0.5856369356121405,0.6521023397316025,0.5764445993111273,0.6089146034510124,0.6135289627045536,0.6183931447098642,0.5526801490460176,0.49369464626401816,0.0,0.5589660555567256,0.571817835414724,0.5766778104517439,0.5780933365063986,0.5875870376041197,0.5977955658223757,0.6665845710444209],[0.6502683527774793,0.593536165264156,0.649702647892385,0.5750782313972527,0.5877774454180136,0.6473953371522354,0.5575115429570633,0.6008960465454938,0.6067182829714818,0.595440964256536,0.5355224445381618,0.5417895703954521,0.5589660555567256,0.0,0.48586903932340997,0.48494306900878326,0.5027335794558736,0.567334057813321,0.5893403854034802,0.6703371307858641],[0.6456341451451012,0.5957405287678009,0.6412962454584603,0.5849381326254307,0.5879211833159651,0.6442354719027532,0.5620628608069019,0.5848075618345192,0.6017003257762628,0.6012877578377411,0.5598526755309541,0.5631247049735024,0.571817835414724,0.48586903932340997,0.0,0.4641826844784307,0.48503226056541665,0.5744815069477842,0.5875061897136272,0.662142335864625],[0.6437789192271913,0.5853264054956004,0.6450675565870656,0.578404366396648,0.5834788039147456,0.640885438034997,0.5454074368571707,0.5811643035371249,0.5887494620352224,0.6017205132911307,0.5588849711804602,0.5631329436126408,0.5766778104517439,0.48494306900878326,0.4641826844784307,0.0,0.4838542096712875,0.5696017828181525,0.5820828883398197,0.6562740971144592],[0.6469395316212906,0.5959623558623635,0.6508762758102561,0.5859866547185031,0.5905806676605462,0.6398598191094229,0.5640558458545742,0.592476921627771,0.603851421342177,0.6060713395731645,0.5733914693559368,0.5655009816528311,0.5780933365063986,0.5027335794558736,0.48503226056541665,0.4838542096712875,0.0,0.5901889058336555,0.6036529808881141,0.6722430988952005],[0.633770623506252,0.5841023942198008,0.6363809439084894,0.5957241446951272,0.5895682147420985,0.6517299863443466,0.5484289701179677,0.5798943046612652,0.5840457960349085,0.6166854052060391,0.5854642801473201,0.5634970198669741,0.5875870376041197,0.567334057813321,0.5744815069477842,0.5696017828181525,0.5901889058336555,0.0,0.33778742387384864,0.600358435383788],[0.6328717348874017,0.5930767179744878,0.6415387260457809,0.6126985478613384,0.5976184445639923,0.650854601818008,0.5564006078346954,0.5758904346124323,0.57403800108569,0.6097888429348173,0.600777435256801,0.5878612695700097,0.5977955658223757,0.5893403854034802,0.5875061897136272,0.5820828883398197,0.6036529808881141,0.33778742387384864,0.0,0.589861548611871],[0.6645332854741174,0.6567797964878223,0.6656699132436193,0.6803295853573889,0.6625136361746689,0.6722351965211865,0.6429921951058823,0.6466172460673012,0.6456157083200247,0.6633159833917952,0.6783082406844557,0.6685045018073306,0.6665845710444209,0.6703371307858641,0.662142335864625,0.6562740971144592,0.6722430988952005,0.600358435383788,0.589861548611871,0.0]],"type":"heatmap"}],                        {"autosize":false,"height":800,"hovermode":"closest","showlegend":false,"width":800,"xaxis":{"mirror":false,"rangemode":"tozero","showgrid":false,"showline":false,"showticklabels":true,"tickmode":"array","ticks":"","ticktext":["AMD","MSFT","AAPL","WMT","HD","BBY","GE","JPM","BAC","UNH","PG","KO","PEP","JNJ","MRK","PFE","LLY","XOM","CVX","RRC"],"tickvals":[5.0,15.0,25.0,35.0,45.0,55.0,65.0,75.0,85.0,95.0,105.0,115.0,125.0,135.0,145.0,155.0,165.0,175.0,185.0,195.0],"type":"linear","zeroline":false,"title":{"text":"Assets"},"domain":[0.15,1]},"yaxis":{"mirror":false,"rangemode":"tozero","showgrid":false,"showline":false,"showticklabels":false,"ticks":"","type":"linear","zeroline":false,"title":{"text":"Assets"},"domain":[0,0.85],"tickvals":[5.0,15.0,25.0,35.0,45.0,55.0,65.0,75.0,85.0,95.0,105.0,115.0,125.0,135.0,145.0,155.0,165.0,175.0,185.0,195.0],"ticktext":["AMD","MSFT","AAPL","WMT","HD","BBY","GE","JPM","BAC","UNH","PG","KO","PEP","JNJ","MRK","PFE","LLY","XOM","CVX","RRC"]},"template":{"data":{"histogram2dcontour":[{"type":"histogram2dcontour","colorbar":{"outlinewidth":0,"ticks":""},"colorscale":[[0.0,"#0d0887"],[0.1111111111111111,"#46039f"],[0.2222222222222222,"#7201a8"],[0.3333333333333333,"#9c179e"],[0.4444444444444444,"#bd3786"],[0.5555555555555556,"#d8576b"],[0.6666666666666666,"#ed7953"],[0.7777777777777778,"#fb9f3a"],[0.8888888888888888,"#fdca26"],[1.0,"#f0f921"]]}],"choropleth":[{"type":"choropleth","colorbar":{"outlinewidth":0,"ticks":""}}],"histogram2d":[{"type":"histogram2d","colorbar":{"outlinewidth":0,"ticks":""},"colorscale":[[0.0,"#0d0887"],[0.1111111111111111,"#46039f"],[0.2222222222222222,"#7201a8"],[0.3333333333333333,"#9c179e"],[0.4444444444444444,"#bd3786"],[0.5555555555555556,"#d8576b"],[0.6666666666666666,"#ed7953"],[0.7777777777777778,"#fb9f3a"],[0.8888888888888888,"#fdca26"],[1.0,"#f0f921"]]}],"heatmap":[{"type":"heatmap","colorbar":{"outlinewidth":0,"ticks":""},"colorscale":[[0.0,"#0d0887"],[0.1111111111111111,"#46039f"],[0.2222222222222222,"#7201a8"],[0.3333333333333333,"#9c179e"],[0.4444444444444444,"#bd3786"],[0.5555555555555556,"#d8576b"],[0.6666666666666666,"#ed7953"],[0.7777777777777778,"#fb9f3a"],[0.8888888888888888,"#fdca26"],[1.0,"#f0f921"]]}],"heatmapgl":[{"type":"heatmapgl","colorbar":{"outlinewidth":0,"ticks":""},"colorscale":[[0.0,"#0d0887"],[0.1111111111111111,"#46039f"],[0.2222222222222222,"#7201a8"],[0.3333333333333333,"#9c179e"],[0.4444444444444444,"#bd3786"],[0.5555555555555556,"#d8576b"],[0.6666666666666666,"#ed7953"],[0.7777777777777778,"#fb9f3a"],[0.8888888888888888,"#fdca26"],[1.0,"#f0f921"]]}],"contourcarpet":[{"type":"contourcarpet","colorbar":{"outlinewidth":0,"ticks":""}}],"contour":[{"type":"contour","colorbar":{"outlinewidth":0,"ticks":""},"colorscale":[[0.0,"#0d0887"],[0.1111111111111111,"#46039f"],[0.2222222222222222,"#7201a8"],[0.3333333333333333,"#9c179e"],[0.4444444444444444,"#bd3786"],[0.5555555555555556,"#d8576b"],[0.6666666666666666,"#ed7953"],[0.7777777777777778,"#fb9f3a"],[0.8888888888888888,"#fdca26"],[1.0,"#f0f921"]]}],"surface":[{"type":"surface","colorbar":{"outlinewidth":0,"ticks":""},"colorscale":[[0.0,"#0d0887"],[0.1111111111111111,"#46039f"],[0.2222222222222222,"#7201a8"],[0.3333333333333333,"#9c179e"],[0.4444444444444444,"#bd3786"],[0.5555555555555556,"#d8576b"],[0.6666666666666666,"#ed7953"],[0.7777777777777778,"#fb9f3a"],[0.8888888888888888,"#fdca26"],[1.0,"#f0f921"]]}],"mesh3d":[{"type":"mesh3d","colorbar":{"outlinewidth":0,"ticks":""}}],"scatter":[{"fillpattern":{"fillmode":"overlay","size":10,"solidity":0.2},"type":"scatter"}],"parcoords":[{"type":"parcoords","line":{"colorbar":{"outlinewidth":0,"ticks":""}}}],"scatterpolargl":[{"type":"scatterpolargl","marker":{"colorbar":{"outlinewidth":0,"ticks":""}}}],"bar":[{"error_x":{"color":"#2a3f5f"},"error_y":{"color":"#2a3f5f"},"marker":{"line":{"color":"#E5ECF6","width":0.5},"pattern":{"fillmode":"overlay","size":10,"solidity":0.2}},"type":"bar"}],"scattergeo":[{"type":"scattergeo","marker":{"colorbar":{"outlinewidth":0,"ticks":""}}}],"scatterpolar":[{"type":"scatterpolar","marker":{"colorbar":{"outlinewidth":0,"ticks":""}}}],"histogram":[{"marker":{"pattern":{"fillmode":"overlay","size":10,"solidity":0.2}},"type":"histogram"}],"scattergl":[{"type":"scattergl","marker":{"colorbar":{"outlinewidth":0,"ticks":""}}}],"scatter3d":[{"type":"scatter3d","line":{"colorbar":{"outlinewidth":0,"ticks":""}},"marker":{"colorbar":{"outlinewidth":0,"ticks":""}}}],"scattermapbox":[{"type":"scattermapbox","marker":{"colorbar":{"outlinewidth":0,"ticks":""}}}],"scatterternary":[{"type":"scatterternary","marker":{"colorbar":{"outlinewidth":0,"ticks":""}}}],"scattercarpet":[{"type":"scattercarpet","marker":{"colorbar":{"outlinewidth":0,"ticks":""}}}],"carpet":[{"aaxis":{"endlinecolor":"#2a3f5f","gridcolor":"white","linecolor":"white","minorgridcolor":"white","startlinecolor":"#2a3f5f"},"baxis":{"endlinecolor":"#2a3f5f","gridcolor":"white","linecolor":"white","minorgridcolor":"white","startlinecolor":"#2a3f5f"},"type":"carpet"}],"table":[{"cells":{"fill":{"color":"#EBF0F8"},"line":{"color":"white"}},"header":{"fill":{"color":"#C8D4E3"},"line":{"color":"white"}},"type":"table"}],"barpolar":[{"marker":{"line":{"color":"#E5ECF6","width":0.5},"pattern":{"fillmode":"overlay","size":10,"solidity":0.2}},"type":"barpolar"}],"pie":[{"automargin":true,"type":"pie"}]},"layout":{"autotypenumbers":"strict","colorway":["#636efa","#EF553B","#00cc96","#ab63fa","#FFA15A","#1